TECH_ID;GSM900;GSM1800;UMTS900;UMTS2100;LTE900;LTE1800;LTE2100;LTE2600;5G2100;5G2600
GSM900;5;5.2;5.5;5.5;4.5;4.5;4;4;3.5;3.5
GSM1800;5.2;5;5.5;5.5;4.5;4.5;4;4;3.5;3.5
UMTS900;5.5;5.5;5;5.2;6;6;5.5;5.5;5;5
UMTS2100;5.5;5.5;5.2;5;6;6;5.5;5.5;5;5
LTE900;4.5;4.5;6;6;6;6.5;6.5;6.5;7;7
LTE1800;4.5;4.5;6;6;6.5;6;6.5;6.5;7;7
LTE2100;4;4;5.5;5.5;6.5;6.5;6;6.5;7;7
LTE2600;4;4;5.5;5.5;6.5;6.5;6.5;6;7;7
5G2100;3.5;3.5;5;5;7;7;7;7;6.5;6
5G2600;3.5;3.5;5;5;7;7;7;7;6;6.5